$ANSIBLE_VAULT;1.1;AES256
34366532653263323238326465396363393661303830303631313533383533393030613337626135
6635356131626234376239393364373735363230633064630a356237646336636536363163383761
61663433343462323830653236343135313937333561356164323139633264323936616636313433
6165636663323862350a316435653032643633623364363938386439663064613065383161626132
66396131353934363861353532633232383534626262633866326133623238343061316137643932
66353832313033343264343934336632383631383331316565666661643336386336653537316339
38326533343162336436316138643638396438376464623165643535303638313862316232343932
63306265303162306230323965356135323831323564626434313637616461353937633339396138
33343965383836613061373838386233643464343531633161333135386363303039373265663437
39323132303335353463316239656635616163383162373037613333633766383539636666646631
32366434613261353736643631373931356234666666383538336165663934316165316664343066
34623766353864376139643637623363333539393937323936613830373865656437636230363139
35393263363137396331646135643864626237316434653363626138666166386434623337613166
36386364353334346665303364316433633431633036363436366534393762393461366330616436
31393966363430626662313637646339353839633937366564393462366565656432303331613932
65303631303637633834663839303131373930633463326536633365633237313464313539366635
66613565303636343162386339383032623538303662376330626464653065333631393630306131
38396539303936326633336665353739303839346361383664353932633661336339346530633735
35323631666137366565656239643939633230633964646162343735623935633566373837313937
35393231646533326130353830343138633031663963396235313636333134663833353737336235
61636133313066636232386431333439353632303432306166313432323435343937303166626632
37386633376362653837656232643664323839613637666263343264323237363861633366343037
66656563646365663934383566316362633263636662383565393434373966356666623363616136
30373565393032336236356431616139366339656335346533396131643834613463656339336339
36663264396464666534396366363137643430303264376264396366373031643764653465613034
37313433663431303736353739616162623632366362313033663534313734356637333832623032
64363565396439663338663262663538613265626536336465323466303133333462653938636232
38386565303337353232303863393962373330333436376533316636303032666165336561666261
35643431313165316236396136333937633932326131623561666665376165653065623466396533
62623831333030663732333864326239376161383464366338333265636663656137343366666236
39613762643461613166303334656532613037373739333431613261653632643539336535393332
35396638623831396265303133366363626532613133383438373334346365366430633761313832
34303134323061356331643939383534346630383737663336663634653265656130626639633533
35393634653436393037366330353930303764343665626136356263353139626534633931383666
63336133363035656138333733323134336439626266313035393266646166303138663437373536
30646666373961383461323830663761383837636462613435313239656563396436626233373033
63363530316431393933643537326632663535386338356235376637333362656539643563653331
65373437613532383731656537376336343631616164383030306330623539626563316565393264
38626135323734396566346331373662353934303666373837633532363336383337343037653930
34363731623632333238343863333739656262366565303165303933363762346662303762376462
37383139303664373963623836663165393431653437613966636261653839373132636434326461
65353637346536646366393461386437383264396438313239373065613762666632303566623163
38663662666163326232393134346439346634376666396366653832643162666332656538376234
63336437306462396165366166646562313730613631393166316530643163376638393932383134
31316462303933343534666565636338613934666630666534363064356361643361316465336137
66303362653231346666323635363837326230383537326466623935363236373730346135333938
63656633363165666232653633393265633561616264353362663763393762616462373465656161
66343762343365356161386165306132333935306161626664363434636662323432623736656338
35366235353839366162643331653465366236383033356366356364303863346137316535326363
61356638626364373738383564633030653938643761376230383135613536313962373234343834
34643630653336633235393261646339663932313733386465366166316364373062343339323435
64636231356462626438653135626533326438336461303234626464656562323764383035323832
31343032333236326262623464333632646166626135646461613738386234313061313533356435
37303139643038623161363762366366353938363937623766323338336532616437353665653463
63343565373663343365323865346439636365346433303566343531303634353834623038323238
31613865653866313139623761333036666137666431383139333332666564336163303935633663
33363331373430373239633661373836386262396635393065323931386434663361663436366239
39313531383733386332633131303761313333306635373532616561663034646466363534326464
30333465616639303838316565336264393138303336646635633038633863353231393165363634
65623539616432666466353433383465636133643738623866396133333932336637376265306337
34373639643664386662616137383963373630316338633461373533346230386435363532626464
31353266616265633465626365303966373466646130653736356635353931316433303334646332
66393562333862343834633139633832383531303630353735373433616162666334343063353932
30643434646665316563626632306362316136313863366464323264663039323439383331303136
63623830373236383132323933396233323963316638336162303762323562646464666163623537
36333362313034623838383065623063333434386438363763366435303631653337373766336533
65323563346432356332396166373534633239663364656365396161616637343739393635396239
32323036356463373837393834313337386638373034373265383934306566666566316533653566
30643031333738623337306331356235313061633662366363343163613437313266623965353836
37343334353037643236633537623261343964623862633030383833316638656562656234636238
30653165666131633637393231663031363135613730633936356633303465313634343964636136
32353938633964643633343763343431323465336662323063326132633833616239356639336533
35653638326565333733393064616133376236356436663062643230663066383066333062363062
31373130373732333536333338343131643738306230613530626336316332373033343232633730
31396238313862326563653435613833323133323230356633656539313234666136623338326364
35656364393564303736376164633433343333333833613435326162353739353963333037383030
65383239346366373534643664353237333537373330353135666364613631633464343761303066
34356366633365303761623137633435366435616236363038393039383431636531376536643061
66363632353361333233363136303732306135306366323633613033306561383433613666396538
38646238373437373737353663383330643339323736623763623163653432626136376261623835
33313232346430663334316539643535383365666562346566313732653761363738326164323934
33353132363338656335313735313333353261396638656434346635383263316665393832643334
32656462333262663866613337646562383064336566326435316539643135366661613930393166
33336336303339396436346161623831646663626635303465633662333465383965303737343331
34363035346635343030366266613763306164386134616439396464646336646537343532333133
31306332653838643731376262386337646163663332623461373465346663376638636561653032
62626666633031626431336464346363323039376239393738616637306337653632306462666335
33336334643862366230336338656233643964363336366132343562363764376630623731323838
62626438383730383637373832393963343766303438633863626466633565616464393461643064
35623663313763393163386665663830636632613932333062366463656562393361666263366631
64303339323764613039613963386637626463343330383763313837333930666164313261303431
31376564366165613033353663633936643861646237366336316563366132643335333535643133
39623738353335383934656331626531336332353331386364633364353033333238656338303432
66393561356330623638316437323030303662653037336437373437663833383963656161356264
39356137343737356230306465626461333536366361656336646337363862616162326233333135
32346339343031316462313262323335653364643564393237346536626238616266383366353362
64646434613335353061633639616131363564363465616630653233386662666538643434313136
61633533353264353331343264323837613965366164616661663435666634313762373935386534
38613730613962323437646638376139336163383633623732303839383031366331326337353365
39343362633134613331353162306333313033616163336534626166386239393466636563383161
34303833306537323130306165653461303833386538663036336162386231393938326632333832
33656431613162623561336235613738306164306231373131323131383335333033323431393230
66363437383436386238303966333664323766353461353563613464383636383736306564316331
34656337613632353765353133363030323137373332323332633532636133636362623335303039
30393135316633653434306630326534353935646563623736666663303561316431346331653163
61346533366464623563383461323661353038633233393238383939393563333830373965383536
36616363613336636138616666313637626330363231316230613637353066353362636336666636
31666538363963663133646165666437653638383133663265666665613531383834343965386338
65666631383064346332393864396132353839666439663430656333323537386532396661376238
65376466653332623365363065333935653266363732643437623833333638386362633131393830
66343861336634323136663734316461663231343065616361363062343762353263363530646664
61333636396665326330656537393133313335306662633636643633353038383535336435666233
66646332366135636338653637343239333465396139366238363761373937376662663734326237
38333435613866383865323264323832643836316237363134626230656334383734303963326631
65356638326238326339663036346463383366343933343234643434363739393833393866323461
36303432393838643230396436353938656639326436633036636130643038646264363333353363
64333061653838623164633662656662366561386165396437653736383434383437363538666461
38356636306364396664363537353535643365643838623037643233306439323439353633666165
63303463643932386530326163353538333539633130376165643136666232396138363234626161
61383734373361633434326333303139663865633837613464633631323661303564376465303331
36666365356632303338336338313564623063643839656231323631326263306232353436303162
66623365313165343531306362643130383166326434643266353563636437373436626165613339
35613431633764653933356337393434643763326438613635313537336238323661316263666663
39346532303966613531323630343461646337363062616430313566666663386266396134653931
37363930633337346530383765306261656433353863326361663137323233633163343830326131
65353939663239333237333630613838383461623164653863633763643863316561613563323166
33326534323761306333373837393930343330323932393238623432623431376663363438646132
33333538666539646164383466306336623934383532636239343336663831303134373463663337
36646131336634613031333063333236653163623831353632643738366131383066626636383234
34313231383736333765363835353738343530393764363233326264663863313531393865613861
30616135303064613164353234323164336438663264616532393435326366643236636535313934
63623437383162363038376639666566343139363431313438313732633731636435656634333862
66616365386534303065646364316231356463363432386139633865333434663264646336353965
38333531336433316566663536663437366662333234313939326332306532663637336462323539
37313130653131663133376333366532663064316563333230663330343661386132383331383034
33303863626530636564336435643237306338633238363336366562386139653938626234363937
65333665383938386134316139343635363634303635633731653134646565383562643339316464
61336336356265346563656330303961353132373261316535643734613363356133313537613062
33343637353039663335363065373531336566643937663538333766333138343463656430623837
63336639316162656564376532323036373763336137363562396662636337333930636339643732
38353064373633383963303261383430333038326637656339653964623466303735386164633838
61316636653764326638633735346361663637646633383039303737663137393439396131663764
63343237353933316565643866396336353831373331613738363166343065373165623762623432
38636435666162343235626239373333373161626363353036343831616265383464363763663864
33663230633339363935346266616665333464653536343139653466373231633664663436393138
63333166386662343830636463643766346239393233366666333638336265613039383730636165
63366666326331353962363936633236333539323236626332383835363464626262323039343239
35353333393463383963356539623138653830613965373931336130393263303437636430393435
37643163393636393165393235333863383834643833343862626166356438336564303362663636
63333934326630306531643065626639303136343030376137326334343231393064633437363739
39356437333837616231336331623865316263336663396239643235623337396538336166646266
35626162303263383638303738343834343662323239303633643230653062326132613338353330
33643832336637373037323932346334643461653837656139623936623837666366383563383266
32316135343036643832386164363362633465653864623535623366303138383639373332323731
64306163366235613066353064346564356533656430313164666263323234633265373266363263
37356161666638343839386635663638306332643262356632343864333466353262376533383465
33346233393966363563373933393261336436653461666466346133396635306562383761636437
61633838396334343335373763646232373434366161393662386565383436366437326365376530
36356432666237633763323565313962313965323665356439373637663665323066396231663966
30333035636534373238626464343131306638663665643338633061363936316164383834353636
38363765393436626332353935646663653633353434663565613966353730643666336438643231
35316437616334376439326635353235353232393439326365323235353664613666326265623466
31663262663462343735313565623230306564353163316635346465646462316564323131303839
36643735356464323931653937633865336436623764303935326264336662636434346139666231
30393330663535353630633662346338356566373830363231326132373966646363643231343830
3436653762396463333261303334653065313232363630666433
