$ANSIBLE_VAULT;1.1;AES256
62383063623665363064363864316361643461623133663166336664613538333934316666373637
6564613065336638326361396135383036303338623436300a313861653038623664626638366437
37323566303636336233356437383837323865633039323166363265663730373062333665653061
6430666437353861610a346561363266643132626235383063373639346635663437353964633738
32323930613432366361346531616664313532366563393438636433343063663634333434343862
30356136353935383439303266613833313436666464346138366632373165623161393736313331
64646130396135613166396562333635393632393036633233323632346265303439616562323836
64343631366137373263666163353866366636343038393666386230313364633339366139366662
66613333383034343634633330646634323130313365383533643134666334326239303333346462
66363938643937333736663466653936373061656261363736653739323036303766643633316533
61363864663336366333616636323161666335333238333638386335383636336335336566643466
62663137383962643136666537323962383637326561313534303132313866643533353762356263
33346433366330353665326531333763626564336234633032633530633634303261646236636335
65376433373138633830316635626630633262316439623235336461666636613037313863633964
63366534616166353031306366396464326532356332626534306331643339653966663165323364
66373565313261363836666465386666333963396336343464333864376337343337313765326637
38353266313230643430373235343834306338396662343466613137363165363137366335633565
35333966313133383663316636353061653936353563316661383462616266636334313761623035
36313639613934373336353862613461633962326338633837336335636437646562366439663662
62353734386361333538393765393861316636613636643532633139336530613864636139643034
36656139373630623736653332356363656166306261373361386162356163623464623431383362
66666332313064656133636361303265363731616162633264306431613439323764636664326230
37313935306166393265653136376434343962613166393338313636623565303235356336643661
34333961616236383237656334373130393434356163356464396434356537326636666663373335
61333035316239303962353966656631316665663632623731666139643732616132626134363764
39333761396162323130386239366532303232353634636462636130383138333236613761666563
65646664356161393432393365306364646437643537306630306663626537383561326464636262
31383265663235633934373662653234636139316132626266666566373964386530616230323837
66643230653734353763666161353666333462346361333431613565373865356534306433343861
66643566653932633662353464363735393832613433363161356464333237316335623164346630
62393539623737316638653165366664303235353932633037363463623633663831363637386362
35353562323263623336396263313462363634353961323566373139376431356438386361633362
33323837623031336235333037313233613266663435326265373034323335643437333339643936
66363163393264666235303836313461653463373239653830313130393762393465366461616631
35663361633866326435633335313537663066336266323635623462313735363634386231616137
32303839326263333632353331666130306362666437383961653632366463616633353837333739
64663436393162393165393061633739366566666665396635663830366362346363356161336431
32613433323963613834346138323963316131623231303034363265616461333132666335616539
35643664303962303531323737386332643638336437643066396162656433396239656535333132
31613332613734383234663534636537313632333639646565383937383935626431306165633466
62383236663165303635333430636265393261636362343735646465663939646437636135633834
30346661313236633534323531303834376234313131333430613564666632613631653765313264
31643132386331643163343731343862393066666466316534613861386466316334333438316139
34353839626336343461396635343738663766633933633866383137386666323262336565323038
30346139323432643732343966613863346365323034393837653437636532356432656535356133
35343834643962363434643038656334343564343561623066326236646338356264323035613865
31326635356561623734333366363164656537633266316435353661373039633535343264316137
34633962623137613538303161663964393630663632636434313166366366656461646262323962
39393966633864346662353539353863353833613264373163653536663166323364366534303935
35616266316631333734653862376466373537373661393838666538343732376164393232653139
37303866383233643238333530393364336634303364386532353036303861393365636664323735
32303931346437643237383765333764373232363335336435623039656164363962313134643530
30346637376531396335633934393731656265396130363564393938306337313838343961626539
63316162356162303337376538633433346234323236346138623561373563383361663032333438
33393639343138373365376132363838393839323238333934313561303932316232353337303161
33316236303430666133353733303031623836393334383865616130643436666433376232336166
36333936393133633435393965376635306130376661623163633531343066353561306631323863
36336636353232653462643836346634363864323338346138616639653033623664363237346166
66323130646462366638326438336131613265373965303732323235643734373261393065336233
30333836633462343436656633656638306632643162623665393531663832646164616335363863
32363962376266333431616436656539636462316633363232613830313062323665393933333666
64366361383730333865666130333835653936336638343830623331393237386432333661373730
39656330663061353430613930353730643134376335393261303830363964323030376166363838
33336231613335386263353366383533373832326665626665396538343138373833316663633037
31646136653031353732663165333632623731383061336432643839613837303761363134643530
30396130326361393031323462326230653331653438633236613762353637633364383466313533
63653932653233336334313330336536336564373734333165326634373666646435373761383338
62366534303763326230356163663230386161613965343236366232393531633739323439393734
37393062373233306162633462663636333537363431376264633863656561616436613663346664
36313366353864323361313063376662623364313962393461333435383461306233653163663464
38663435353635353236653664643262656461373431656666383661653930373763646530666331
35666666383061626166613033393663306231373630626134303639386434343366323731663033
34313561643561653737623432313439363861616637313531666661353065373836323938666335
31623664333335376637623861306539636334393333326535656665306238383033393134633935
64663334373961636363646364393832626334646430316566656333663762373963653461356130
36306561383162616465636130396131363161316531623138373638386362636232386436306531
33366461613930333239323463613233346362323730396135343330366461363130393163313039
33303332383661303231343332393334363963646636343236383933303536366266326131313264
33313237663137666365356538323334323330663365376330633534303933626462623730666135
66323466373461626164633237373065653931326462353537383264373235643535383437336232
30636430323432643966386164386437623630343562623662303137316131363030303430656239
34646561643032323338353765646334303361613330393132613565326666623337333031303063
65386563633835346633636530306130373939383261316631306339323862363936613363316466
37613464346339616434636431306533326561326231383535633734613033663735313864393336
36366265356437393463613761363631306438353236343038333439636533343262366239653662
31656134663436396432386536316133656562643537386364383430326461643666643033646663
62383665383334386333663130376133343263353937376363626335623739633737363466323161
30366139613830623238643732613330656337353937366537376664663534313130666433643339
32363231383961633664636664393734643230633633613430333533306232363032646361326161
38666335336539653939356565303162623139623565323732613162336462373632306234386333
39646436363034643132333534343565316333363962663137396538303338346533353063353835
37613263393438613632363434306435623436616561356266613961646236323730326335323762
66636235306433326232333361326433643866303939323062366332326631613566633231353137
66326630636433613830636434373935656264613666313239346266666364353163376666343139
61323937633039346665653266356333373233396135383761323530666533343239386164353765
38343861343233313965346130323931346236323234386334383439616230373861343632303062
37616664356532383662336361336437383664326665626433643761646563623334333663393662
38316138643263653934636330306536303837353363383736643438363365393439373032646566
32656234323838306361666234333564666134383038323139333363646663316434616531653964
63626235343263303135636636336134616365663830613334303438373364396333613436386438
32356431326162666365663836653634636164613863306464663039313338373333306566373439
33343937643262366430303765636434303162343932323237666236393964643862633866303735
34356438353031336135343864363738663537306265313563656530316665306335386436393739
61303336636566313132306364333832363137626661623665626533303365363561666237333631
31386361396633346365346434626466313631613365613238633138633734356639343937333461
66333332346632396230353034643365333836383765313431343764346439326663386632326362
34303638386361303839343332623961383238393435643264663065326237303632326236363062
65613035303937663038613962366465376665636464306265346230643132363664356538363134
37316566636332656539663265393533393662313336383537353265323264363839393735386230
36363535663131353862353036333839353434653336363339663137333566323661343432353534
37323639303235386330393931383133333965323234336664323165616639323434346364303733
65616533353861323437386261343665643933316536613061306632313032373732626130396136
32626436356432666537353333386264396137363937613363643065363535356666643235636330
61346639333038643633666437353332303438333764363661626530383435303163376430636637
30643564346338306638646565393932613766336263666462343335343163636231366333323166
34316232386330646138353434633038646435333639623636616662326161646432366666303339
65656261313730386436643134343934303432383236323463666465316635633365383238636235
62343039313266636465633435356564613130333534396566373232346330656231363633343930
39313336326631303363346634383230363536613330373835393534386663393038653633613364
39613538313532346365323137616631326261643638653663653363616232343765613836346266
31343333323737363765373861653738363663643662303431333036666562333762323365666664
66636564366636666261356264613462303766363062613637343664633638343036646564363363
64393964396339396637643531393134656665626638623535396237653666343166663934396137
34623036646633666265396239343936656132663835636135343134373963313035383831393338
62303531663634383130386436636239656335336137366563653264373630646336396365336632
30323333366137353133376437363766313832666535373034363239626363656430323364373830
63333935656364666539653139333632356336386466616639643830326565343039396366356534
37663539343030336430636463376539333735323665356437383734336236636432306138383335
33316364376636626163623465646131393766366634386231316630623239376234336662646665
66643036623236366364396561306162396531613865616339353366393066366231656439346565
65363634663364653030376339343339326636366166366663616566383034646463636435376333
31366135666535303161613666643632643735643561613163303436663566383863383130626439
38366566663437373934383234336536303631366261356634323937396431353230613339383533
33656430643063646161353733303366613164646636623364346163333364313039616234643036
34363832393638393161656132613732646237343161323138303936343532383438613131336162
33316539353233616465386234623530393333636663633331373735616462613738393638656435
65376166613134336337653364653332386330383735366563333233363062306266303330656137
39646362353536323866363365303233373764373632643130633737353364653631363238643531
66633762613538373963353936623764636534386232383730326539666463626164303738303265
35376432613230613433313039373732323162383237383537343933633638356461646235643635
30396366386264626665303163393137643761353231613766326131666133666233623637323463
65613262666231636132663039646433643836633363316335616566643332356265666339636363
63636639396231323037656364396137633338663365303337653536636635633761623536356562
37373565326637363731313533366262616330353936306663663062653161383961613966316364
35343666363261303262666564313066306534643536363939313032336164316161356433633335
32353765316366343735656462306464303230346637653234623832396230663732393632363265
34343631313132663964353739613263613837656637653562356530636165333434613965333862
65313830613164626163636533313363656533623835613738663635356665343232343532633238
65353333633164353366363263313361653130613062363136613461393039336666396261633837
64343435376464386465663038353230316235616461653163356533633332363664623838643731
64306439616138663737306539396333353464363830393436366364396539326133343034643766
61303936313134633630353736386164363366666563383136353161356338376332343663636163
35313136633764656139666564663761643931646431643539633139653334333262393936623139
64633136393537333965643463656264343963633061656234653735346562323664666531316663
35316166383333616261643363336632626635363762393538333066363364386631336133323536
31663063643465313865353536623135373639626366353732623237376661636464346239306333
32333766623732613362393462323531303230656436313134626432653464376164666239613635
65643730626263323938626335323635356566303633366363666666663931643764306531613837
37333265363136343938643730663438353066306633336531353639666230343164346635316535
36303131383534663538623537643466346163656430353736376638653361373839336636656463
62633430666438633330643431353336626561326538366337666437666436633063333234303963
62313433353133373735353030363136333064316438353936616461623236363838363839386465
36333966383763336137383934646265393033653830636338643739366131323364393639666635
38333339636130313232346130396130663861323035613131663433373364633132653430376235
32333533343864363538623233313338363064353534663233396330626332376261373737616465
3762303462643263643635613332383263643166323235626462
