$ANSIBLE_VAULT;1.1;AES256
65363935633438653833643332646434656365373566636238323661643035303662333833393139
6631623431323336363436346431353635646539303036610a333530313261663431613765376335
66623335383563306438623961653936313262376333393263653064633537653137363234356636
3033373066613331390a356438616561303165346430383162373832333864333633363033616162
37636232313965363430636135333531353932326165623238666661633235346335353162336161
30303934666438663232646431386534656365333138303435356465636266666163636162373738
36663734623462613464626333616331626538666435323463613037386565316362333439643863
35383338343365626162323964396131393836623063353331623762326138653735643761373630
65663564393030343732616630326336376464346133626661643436363637376662356632626364
62383438313830663162353430333065623537653030636466336464626538663233626335623437
30356165383063373365666433613265356537333234383861316164333663636165323233313734
30313633613862363139383164316266323731303465623539393666623139383638343831636332
33623561666332653165636537326532386234313131326563333934663663666430343030373933
39653935373832636461386365386438643036383134316538643366666564366665633832663736
65396561636534633133363334303535393165613633353638623936306566353462666133623534
61616436333034333036376535643966653336323535623737373231373538353366626334373538
34656331666366313161663239643936623930333037653534383930666232663865626236396237
38303936313865383765646232613863666364323133626339613633396438643030386138623964
62376237646562383861363639326531623666623962313263326665386666613239326462326231
37316236626262393462623439613362303063386165313234333839353634623962363135373838
37643836333939396364643933323539313230383332373866363161376564363139376661356137
37303839386230636336343738326137383462353236343265623133633131313663393965386263
63316139613237366363386536633662646233373231383032653134346130633663306533356537
38393665663664363436383463653534646331623662386562353461366264666235386432396639
63343764313066656538613133323531303964623037333933353563393637633633613137663735
38616464333335336465303137613266343438353235643562326636636362353930343636333033
38633834393362383365346238323162636533626361306239353136383133646462353733666338
35336161343135323533633461393331343136343465663031623937663535346633396433356461
61323134306536633630316166623230383065653966613063373865303231333331633063653462
63346561626261313235323065636464376132383664343863363331396339346533393866336163
38636566366339376562383633356633373331316632393433616635393530396435626266643263
62383830363063366261333861356138323934316630646262363833393539363136386538623063
63323434363038383931323937616239366333333466666635363738353137316235353430323331
39393535333734323731626334353664333834326163663464616262316630646136343731646138
66656338656563313935303538363030366332316338633736336264663831656632663166363262
61303763636630343536396130373636303164353939393263336266316633636264376365383235
33386530333330313739303636326632366239353061336636383733303166613735323432383561
66313734346135333233366337303430313864336135326637376461303663303465346139323831
39326236356364386631613932303661346339653538373931636430343733353438373962646432
63646232616536376135333230333533383932633539376134333935393064623165316365323561
35333362393836363733346330653732306539353963636138613236316431333561393265353637
30323432653535356536303761346334323462653363616162653630386131626335616162373463
61346565383361313865623165616131323933393530636636643235333631653437653930353765
39366431633136353866613933386262653635663733326232306238626331366538313035393738
34613836633264393263613731656433326665396262303835353764623038346363366661306464
39313965646465316562303434663663646262646136356363663936343462386131303838353031
31356361313433653631643963656433336635346339386336343365663065653466656463623164
65353766313035363133383562306465633465373362326333313432666439363465326636323265
32663765613265326261643838396165383432313435356435316630303765326237373566316535
37363361396330646461333965613264653333316366666238643839643139356631356639326262
36393331633266363938633262613038376435343338373761396238616565333430323566646263
61366531316262303835373461623735323263333433623735626136393966333536613534343231
34343164343633623730356135316435393939376138373165366238343139306266623063373530
36303266623861326431303535613534653739616361663936356639313233393830666535303161
32333033363335633135323037333131346661653331306236333830336132323931383935653866
31633365343865316232356132666464316134363932663535323335666565656136636530396361
36663034623664386437636335383465393463653839666633356233353639663938326131346634
62356239643339393533613937613033313637393035626132353239393033303361646137373035
66333138663533356136316465666462346532336138303239333736366631323366353861623133
38316431643436653562343830623138346264643737376164623564343061646265666239353631
65636438353338303533323763396638353236386465323363323638303632313938613564613234
62346439343634633064333038396237303362626266303361386634353832323766313266643434
62666230343139653661386135656463666138356636336233626263383337623537326138613138
34613636376436633531373938613034326166666334303035303536616263616639383030323365
31636435303831613763383264383232353830393365646234633937393366353164646436323437
35313231326537313464376535316630346130376630356363636635326537333633623038363962
61663766616439646666373465613730373836396339633639616565626532393866333632393064
66316339316263636161363661303936613362333532303562366663353663313630373462626162
66636364323364623164626239646538616463666138663266303263343161633664363938306166
65353639653066636131343764636565663933386438323663363439393362666361363966336333
66633534386232353539326435353531363635613230393866346339356264623965633434646561
62303030663333613534633330343762313066636631373332333963626135353039306663373339
64376537303362343835313865353363623638326230666639656365616161363265633063626561
62333735626636626134366539623561326237393065653031353234396538373533633865363866
30633737323465383762646161396534653864386638363134373033303232653261396363306134
35613833373963326538336337373066663736363365626433663631633331356666393565613265
34666438386331613961636233376663646361323262613731623636326435623135353135303138
33613964666530633634646535646132343332333231386562326437323736616130343737626434
33336332636361623935363634333331643630323138613437386439336663653163623862626333
62623834613937336330386635396630336434326565363830323564613361316438623831633061
38646664663836386236363033343439653337616262623966653962336164613662343532633739
61383431373466326537623230333465633536643661356334356564616263633265613962666531
66623434343237313332613233316466333963386462633265316236366665346261303139376362
35323639613534306637653236353766376366303264323562643662316230653763373630656563
30623834316132616663326164316437646535366135613866376166386362623834323437633662
64653336323937313963396365643662303231636634376631646664653236333136636439613330
62663331333238663238393934393066373863346235323466336238326334323537333237333662
32653132346366373634633433393661633764383364636332346635633434383138396462323063
66373039313736373637653435326132313064626261633530383934623239343939353531336535
66366239346230326636353432666163613538653537623765613364333135363464326165633230
66386236323766303433303038386533343162363739653637313462623966313461633233636565
62306135353431623637663032303433393162383931623564643333386639663963653231376237
64373164633161663530643466316437613230363332386564326466616436633530316562633066
37663261376533366364656134376366333537316130373734643731353365333237633364643638
36643466656537363663326333656139353436373430646162393466376564636231373636313234
37373862316134376362363761643261343934363831373339373063323963663839663761393132
36653761303562316538313762653764663137373666666465303764393237643635396566333733
30343231373539373335383363393232663732653263396132653063636265323034363734353036
33343435656137376636323961383233353562396535633734613539616264313034373735393133
62306635663538336430363430306165376334356663626264636366306662636336333464666435
31663561633465363862376363613639353764613264376236643263353365303966373331323539
39306236663532666531316539636336613933363530356531336566383732373063663331373335
65333731383131303138346264303334356533396537613330653161386632633562633733313336
64633135646566356437306633653866333532613662393766323734323334393130653838333963
35383833353665616362353065666430366265653839343430333366366234656661316331396665
66333661373765666162656637313237646133646262643531643161366630376230343333656562
33646531333362306334383232373133636239323161656364633630663931376437313965336336
39356435383535303061623439333662633261623362326336326439316663376365623863666262
35393732356535376637656163323933306635636334386230646162336436336230666237633532
66303364343864303366396137386633643562623164663666316561363538633462613263393732
62356362393238396462396666313236373031366231376539303831376539316435393863386166
36666432353163373831396332613031333631666663383261333333313033663562653533373964
65373561383530663934633166316331393663643931666166306166366634633635393839653330
30376230363835363536663361626133623962313564383531373466323539303065333236333761
36643232323862623938323262643536613461313831623366366363613163653336363033656164
33616230373239393037663161323838663532663538616164643363313336303831386462373930
66366566666636396261353264383861333964373536623632386337303539636239393063373739
31643462376432363361316337346662393966626164343664616239656363316161346232363563
62336664633132646232383535646338386663343061623835303031333531613538343265333861
62623531396265613665613564393062663730326434373065633865343836353138653062363635
65326532633263333832633563303934663838653561313634616438313533323135643532373039
64386236633431666362623137333136633935643230663261333637313133386231346436646630
65663039666537636362643762393865363736336538373766313835336437313432393663383237
32336661326361343362623366346634623465626161373161396165343035353835373038636264
37316664356538323163333664623234393630633437333465633239313131626235633466333435
62646261323162303739356165643137656235316463386566653939366134363233353333353039
38663039356463633530303631323234343431633236616431636436633361316562343130666634
63313038306133333533356131613935633938383663623934303133386531316536656166623561
37343031313262396163326665623232643038616136393466363933326665366562653334306166
34623464306531656439346333343261363265386239616231393133656535303264363866323232
35303838636565616162613530656534643037663733613362316362393661363263656633393562
34303439653833373335633862356235653336366431653062333635333062323163316563623065
37623338396664623733363162613733333534356137333831366664353565386334303665333130
64663237366534643436326638383266643664363038373839343831616362306665343633323538
30356630636538306364623764646461643466653739373330396435353330306333326634366139
30653237306434303063613664386665316635363535653537306365623835313238303337316237
38663432343531646165653632343138653938383636306338313265663839303162343132396237
62333863333435356338396634636430383139636231623361346365396133653038623730353065
31326332386633326132373431333262613430613835613230646236363062323963643862653036
63396163303064666532373162343737653037363635303063373363326330356539363965636361
33366366313465623063636538613532613938613035616634633933616531303538656239643961
31373134323931656565633631623435643332616164383662633235666631613838663931306562
37326434376463633961616263336665643866303435663766653834656333366264653233353837
39616135636532653436353561333036306261313339393138653461396361353361666234633064
32346662343462626433386137626633353334316139623366333837653365643638666364393462
61623338663636613766643331323637366339313839633932343766646461643764333235363165
39346237383035363064333565626464343363343461383233313131316434656635303236313934
33666362373037646236643561353764373030613833633138343032663333653065616534383834
32393862376562376235623232353737666561393330363565623432636232653738613966313264
34396261333265376431346365366562303263373430613665326262386430383866396234343639
64373638346232353934343462316434346636663166343465623235353761663963383666383865
64343133623534333131303964386332303637323237386335666538393331383433626138373763
34633063313833353065383434306334613364336532646261363263343765636366623539366632
31363964373063626633376433633830323035373365303539363533636133386330613339313136
63663632306539333438353934303633373035633439623266323233656133643439323037316631
63616431383436383636336138346332626632653038353461373062666237343539313132393861
31353435333537316164353361616331323065616132386261613034303337613038393432663462
32646663393061396337336536363338336636363632396561363165616233366538363862356334
61653030393837656235383337383265353438303463646538333662313664643238643165633465
34386461356465636336383434353933623033323239356431623036666537613763326364656438
36643566383163313433626365333335383864626262656362366630333263303631366538333530
38346337343535353938666133323531313565623065636635386532393163616637363835383038
61313733366133373138653231343762666430346466633036346265636535393837353730323335
33313466613537363062323032343031646334623935623437653831633131303963666438613534
33363764326261323134323935376431376338323465363937313132646463653465333332616532
3338613533613666363537313935373161626265336231303332
