$ANSIBLE_VAULT;1.1;AES256
31383234393966333533343239316466333731643364303863623064323931323461633033663331
3232393865646330386630306364643137393830333839310a366439643065616130383236366330
61393230363831373732626162396635663762396562623864343938623632633563326430343034
3931373935666135390a306331613966666532333335373764633739303365366639383661626231
65313965663666616265653965666663363062306161393136306265636461393734666433323763
61326337313930373737336466363734663766343634373664396534303062633831653065646336
31366363666531616465396666623938333934393030343034623033386132386538356437366438
39393932626637396239653836613135366630303364313030383239636535316336643634343534
32303361636665623031613235313830343561336363353535663732326130313439653032383765
36643637303762336131303438666132663534316435353065626265313931386436356362303734
31326563393537346165663861633432383565633735336265376365356534366638393436623635
39636330336162316638623831313632363865623337313836363636623135653961376362363237
36306333363537366663383731373634376336383539653966313466663766313136613164383830
34313637313937646431303563613238643237323365636262383261373433383530363461313831
33633330626362653764353361363334376234633065316336313935633531396562396430633763
37303933313166663862623565653664336339633635643730613632663438656336313236373766
66356261623037313462363062363764366465613164353830366133306135646161326363663639
64653565343339373165323161643365643761316130636238366537306236346232316332383132
32666232346237323635346464643634336666373030633935386163666362306638323662613834
34663663633632653336303136393464626266363230363635323864323132666330646563643732
63393339643465303235303163643164366661633262316339326137646466636263633932663633
61663065383466323435656265646436353661353065653339343934623838316464643539646661
37656563656336393461373134323662333236343433323935373766323439336639636534313233
33356530633336353737303433623366663934333035313935373762663363333430306138366332
66303563363739393762303933346530623063623763333034386666303166353030326236653135
39353363326637363838343865633136356131656434323031353366653537313865353837383735
62333234393162633934346631363533303664346132313338313637323136363136313632666630
38623930353330666336353333393336366465363031366231336331373362643936633930313930
32373363643432303731653238333838313334663537623563366130346436353030303266336636
64356539643632373037633566633138626330386235303036306665613432386338333635363361
66313739653334333635653537346537353863366630356430333337346631636238363363306631
35643663303432356136636634663439313037373864383665336266643838663666633534613431
38653937653134393537626566646463643633396439353364393134393839623336343964643930
35363137613036383366373265333836326632393936633635653132326266363037303636646265
39343663616536663132316630336639333833366466653133393366613766633930306435333664
63333662333063663832643539633335313738346235303665633231373263306333663239656162
31623939663932316264366239666130643761323965356337643864383735393137396234646463
38663234656636373737393731636362653166663739323061396264383762636439376463373339
31363534383233383236623465346636363637383566623537613934363362633633313738626631
65353536363465663964323666353230326434613035373437303635656136616637626230643037
35646663326233653131306531346463626138626135623831643661316263613966643732653937
34613463323336616539313831626238346536633265643032393234313830306637306165626163
31663239633563636432643239633965346561326331346663353165353534313436313961313130
36386438366133653830373439326135336563666262643539363830373731386265383938336566
62363061366631363166356262626432663830396263386265656566633965376162653863333663
61393132616336616138353434656564373532363230306635333061323737386262646534396135
30396132373065333438366231623639626532373433396363346339373932633932333263663161
34633631306134663538373933646266313438663164666662363733643330343435386132373766
61636439393331313335636238353839343063343463323231626664313138306631653666623839
32323365383766346638616463393365363435346163393035363662613433636235636664633232
66313034306461333434323531366665643032643334303532336437366231356365613435363432
32383265343866616230626463663063316133613339336437303734363936393066303335326638
38323830663363366139646333316464306462643962393565346365636661646662346130656263
62366364653435653437313733633864643834656663303532616138623835656366393266616233
65373535626339306330326462366637363135333134323762343431316634376661653032616332
64373635663037626462336332313538393765646265383063346263396531643635316430326432
37326564383762373966396665633338653966323265306130656536356331303063636131333232
63373831386366663434316265326436396239373435623562356563363133383633343639386634
31343239326536626537353163386533366436343536343063363832343130323236316262396336
39333239373965623864316263383761643062373730653466306637616462656663653863383331
35633534626364643037356634363266653432336139336530656638663861396235363564313862
30653731333535643438343063646665666230366237363038393738343635353761393031343135
61353932376666343838623563363365346238653663333063393834626335313435366466643138
39666365636365373164303665616363353935346466323766663665393334333431316632313338
34616230663539373164613736396434623462613964623637336435346132646432366463343039
61363537366637613639303634653531306663316136613331383733653939343633343833383838
65616461323136396433323734383532623238376439653735663839363139383766613366336262
32623030636162636261396533366462633839306138366533666663356163633166323839313461
61663137333866666534393738643334623361323938336138303635633335396534313464333135
39626666623734656333616465396263323132323662623936633036653935356666646438303331
39643335623932626637613337373264336432313565653263326635326563643638306563353536
33656162313434386533363432363461646431323238316634383433333365636533353431616464
33373561633733343063373737376263393966323466376162613133303764653931353766666532
62316662343365386133643866313263333331633837393131333566613463363665623066303162
30306431623931383935383434323063353331643638633639383534643061653835356632353166
32643137396263643663633436333931623162333162663538303639616237623839356261386331
31323662383164656533343732303236646532386364626637376531313834636534316633666137
64656530663266393739373161656335393032643631333564396264613761636432356636633333
63353338353632663937613230333732376465636530323633366162663063363361316664383836
30356561666336366262323339353261393232356336663037396233396538393939353836386662
35363637666436373964363536356464616333326634383163643264313464616463303237393539
34306131323736353836376336626434346236623633666131333066363965353462643237333266
37303164626234313763396465333362376666333633326566313366343332343837643565393439
37376539663565376666396133666163633537396565626664313839393932333762376538303234
32353535333230323536636130393837316161653164343335633734616334633461333331626632
37356339656131336562313030343130313935306162343330386339393530356233353538646633
66376330383962353536626337393965393461363464323739626163346234613236373261373861
36373165373234383764376164306236623363346336613730336236326236643066616233366661
30313330313038643239333435356336643463633435616233393366613830376365653133383834
62343666393230363230653034663931313466663836653332663338623037363434613465396431
39663535613166623566623736623337323662663661383832353331616531363830373535393734
64383364373765323863313931336663643164383239623939643364343963343535303461643366
38663331396131396161353265656535336665643863613265313530623430353438636635666537
62386431323032333233393439623464386461613761366562356339656266356432373262306165
36386438336132376663636439656161313138353536323830393935343136653137616430653864
61383831616336666661636532626161316438356135366261643263386363633761383961376631
32326534616364303166643032363066613935656636663636323866303833303561666661616138
64333064666633366430323066306235326566393432313833343666626135616539343163336435
39323430653637643435356236336133343530663132663563666237383564396164663863623165
32363263306335663566356135643136666466666139346561386265646237353532393638356636
63346430353661613432313435346130346262643136353537306233366362363639633130303563
34613634366533363961336337653964643138373934353235313637623166353237636266303738
63336166653533383137353738323965656334613733386164383262653538393334383736386233
64613562303064393464623864343462336564366363316339303663326336633066336533343232
39643935393162666665346265326265343938613264396261623062653864353039323832663639
32656431336334303232666131336563616561633830396130353236623230383630393730653564
65333466313162616639323930333439366161346565646261363634613734366465383039313264
33663965333462363366623835366265333164343832393466373462393666646332333732393564
33386137326262386361303635386635323437646662353632656263653434316435623862373334
30363038636133633234613861653661363365623138656566613631353731343231353033663339
62616635653766626461656532626639636261393132383632323339383664353731326633643666
66616136383637616461313131386663346239383731386439366566363138643862663336383862
30306333376164623434313630636333633161633539323433393361313536663165613733333032
33373262623964316430623262623334383834326335393537623839633530393330653632333539
66376338663765373436343332313437646161616137303739623730323838383033366434653931
63386466346263633164356438346663373831373537373131623133393466623231623835633838
35623362393739396465386138343733656330613963353830383131343230616463363662653364
62373438346638626661323331623665383262656537316139646236616130333166316564326664
65353838373664356464333133333666636565363836383732396565336465663931663634353037
33393434343830373766326466343935336531646166666433313230653866303736383930626434
30336531663033643463333235333065383735393230363630353332346137333239323230353664
35363066383434326565306339663332343364393862363236353834636138316439333466623764
38623838376231633234643039353738303930363464646466343566303965356632373866623530
36663230323630613438646435633562393465636430303835653035623437306366323264303964
39353731393862323564363934613339363037623664393130646138636163346133323130383466
36383538663561626531623365386239343933643632386466666331613138313135366532626432
31626634366561313363326164393931663032366362616137336632653632303831343834366231
37383666626565626633336535373563646238373662346139633430333934373338666232376430
38643837646531313337353564343535306330346533643366326665613838306665376263633830
35663761363934626136306535373861383539646630363630623866363733346432616464393736
65663130633931316263393237353439396131323963346535333662366438383538643433643863
63313264306663386662303063336137633963643565653731663838393930643836376231613130
64613061363965636438366238396565356263633435323737373366393738316639646233386330
63353830313730313139386338343463333935653764306633363733386432393231656331643130
34393564363565366161316431346161343663646435623562653166383865393564383834613861
36396264393737333930616637316431663665373364386532383138323536326230643030373766
37623634353330376663336166616361303736353435326133623563653730383135356262613531
62386138653066306134306439666632653034646435396238653436613364623731316335303663
39323132346634363333623637313466346535363632356431336361623462613562323636326535
64336366373165623035656531346438633335666362626231363065333534336239643034656437
38303661616465316264366535343439373133316635653966393833353639363961386432663035
34303030313130373565623564376266613133366165396635616662666337366361323732393838
35356162383562633936373231353763376464343163326530393430333339396339356230643461
64393034333766323130656635626263316233663838663536346330626539346433346664366631
33353264366463393035386630396164373664356434646165653761333461636139323632393966
62613563666635626233633538656563613431353135336134663864313461643438343164326434
32383932356434376139393366303664346531616639643335313165653439623432623763353762
64376264656664393536636362306161383138326663336630633961653463306562633335616232
63623961313663636232303966386634323061313831326135636437633263393036666464336533
34336335316630323131366532633161336130363764643735353431333962343434303230326661
63366639646230313731373038643335326432333831646431363162636435303035313136616636
61616330363861346235383763333839386633653865396133376162663063616461323833303062
35356534353635333531353363396165653739316335623933323564316365353361643637316366
62363961356438333462663965396235643030356433313563366433333138366633356562346434
32386364383138623236393836326636623439633766393064326134343563363661366162303334
62656165323334323631646336373532386666393765343934666166323461653162613334663263
30346631633465396266623762616230383836663434356530316133653361326166306633316331
38303264373561346635613139396566343261623532306665313831306531373533353834333761
62343336306534356239663566346362326432383033343966306662383834326439333164623666
37373662313864366338353933663231666466326438663930623862323830303462333235633937
62353537343335343439353834363032383439393134663633646466393334343462303563336639
31363936643762613030313061343332613461323039616262653534663266363562346337373032
39623562613137633835303562616130313839316261636339643132623737326632663465646237
65636337636336626438326230363061353738633936323564363437623364393861656664323062
64626265333161313836623061393436306565613933356335316232663464653764356635373066
6131343330316438363561616438393563303431343865623630
