$ANSIBLE_VAULT;1.1;AES256
37633863393631346539303530633532643734346332366335653433306236633330373336613661
3234663635653034643838633932376566323934643064330a646234353534396462653939356239
32396231613735656161313137336335356665333738303436663265343664386531343333386462
3630376433323038370a666432383063333837313531306239613538636238656630313563623565
66333930663666393862316335626432373166333934363662633530646531373162616435383633
38303731303464326263333364396363326637336235356462633331656233613765306536303838
32383037373863643533313066353265303563633364623834333837636664626432353263626133
35363331623334333366653461356239393633663534613831623438663936663739616361616136
30396532303530376466326230633032373837346261373239363334383534383166663230653263
32646234653334653761616563353261656462386638663164313235376436663137306363626564
32383238653033393361373731316263373633343032363234376436313564663231383036633337
66383630303263613231633261616562306230653033663433353237366635643639633636303439
31663361353665363433386632653938343639636562633033386537666235383265343638323061
38383230393433346639623665653966356134376237353038616532643631653232613861313336
33303239326265633664643864353735376334326533373666666566633735663366386132363434
32626261623230326233663833323265633633363139336137323165366431613064623266653531
32333332393734653835306632643564636233346261373765633762656433383239633762353939
32386535626162313661383462386632353939383832313063653236306365343436343637383532
62613335386635636463313539663632333962653637303430613433326433353237666637316161
38393034346136303166373336633165316165353331373235316437623564643136353032343933
30643535393435343533616564393030396563653230316533343061373063386133376538313837
62336663626539636565336364323936666638323562613232306465313233633766633663386437
33613231323161636239306133333536333464623334656632353131326266373431366464323363
31323062396131643737623335653732643334323462333634643630333663636464613961346430
35666132336530363833656635386638376534623966356366663162653535666562333762653265
64323966616138653031613038323932633366643637623737643964663935623766626537623661
62303233333233623631306262386265333561393837376136316238623961643761633338386262
30353834613031626165376261626431366362646537313130616434356263336563306136356130
61366262643330373663373165663264353166646362366166346133623431643062663734333366
32343332613034336164383163316437303262393064326263366333386664613335643333353833
66616166643565313733396632343238626466623262326538623732303862353435313866613635
32643463633764663737373737313939623866326565316431313363306432333834633832326539
32303762623463353338386131316431633933333565383964333338646464306139633237323730
64616437323933353565613130656439643638646330396362306336613536313133313937393065
64323436343632623835653335663662343866333831336161323064373532313731633532633966
33653065643837623661623036303034356161396530373066323538636430313833373537623765
62306335623636316633653238313266343762633839373130326137383430633533373130363863
33316163636537656532633238336437643663373964373732633335363731646664666639373865
34396331376237326437336434666563373866343237373961313636353565666264616463656665
32626266663534616335303464363365316334636539633563346236383866333336633630313439
31376433646162613763313532366136303236396534393131636231353733333635636336336465
31376534353063363165346635653363643965383132663564323762646334646533303161376161
63383235653761333131346231393839373335306239373139653766343133613933393764306630
62343339663062353661323737343731303437373431366138653666313532633061306331366264
63363062383832636161326263633731363931613765643635623663326434643662616536643936
64663532366536303237633931646238653337353832646337373336323865613537643466336135
35623731386233306439646137656361666637336530346161396631353531613638386165623139
31613432356637323765336339613334643233353236363539373962303930303036343864393963
38323531666131333462303565626464393234663062383933653361393433636362313534333332
61656165646363383832303234666639386566343464636234363139633538656663613037353838
34666634633131383037623763396638363938393262386437626430636264356261646534313564
63313133383634383234656230343762623566643961313137643830326132373965376637626537
32393465643437646565653733306237373764623434663239613561616239383131656433626564
31313336643262333764336565326464313931616531323839323164366430633332386139303763
32303738386561316163353431343535663662316362633332323135626338346639666639303530
61383735303534396631633062383762623532383031353762333862373231383962396533313539
36353832613137383132366561646539316232376539323831313037363765313962373364366162
63323336316465613266303536383435343165613234336437303561323665373565663865643337
31306538303163636133343663366666343632626265343036373534313861643538333734613632
30323838626562376138313933353266663161383563303535376166646234656665643661396136
32636530623263366139366561383135623130626666303864353236313439373039643937663763
36616133336465613762666364656235663236373861386662323061623036343463313137323439
66333666336461663362353835653864303238326264636361633663363931623965633438623037
39666330646535313363643739363462373238363866316436663831613730313034313063656261
65643462623537326662636266343231653431326466303530353836366632383635383263653163
33613661613066343037343832623230336430383538633933313831373433643139646130396431
65346633363436393632313565643731356264323066613732636131623332666534393366316566
63613165373139656137646566363233646337643438376239373834623139636365316238313036
36626339313764336136316434666265643634323064626333346661383265613465383261353039
34393266376366636330653431616466626135663733626430376565633833646530306231356533
62313331663636653435616134623464663330353332626162353231633637373935376230666231
66653539366536356265356666323063643335656336323463303034333461366466663538633931
66376131373961316634643736643362323662633837386163646633343733383833356231636532
38663362656239303433326262313965366530396165353132613231363638626339343033376164
35633330336331353962366635626433646530336430646136333630663064393138396461313537
35636661643738626162646538343035656438363536653037366630613665653037663361636637
61623635633666303839653737343766613134343466336261626561343165306535313163313966
61613239373034656236613330326534613932396463633636313635323834633663616336326230
34386666396363333362346362353339333030653939303763343130316435303236663934653965
37386635383137633061646538643530366638373638376664656235383666663037366461326136
34623032363163363466346430393238386538313435313763626439383830616364363332346638
34303833616161343461643863316463633964336166326465363466303234643638663236373638
38613038346262653963333435353861303762383233393362646662633061303733356330323330
35663833366130643061346536313233616662323961636630303235363538363336643839613662
65376131613939656364333238666563363636663761616666326136393430323665356433656330
34656533656362656565333762343830613739386331333830643337666265346133643631373532
33363338626331646266346236353634653364353134646235383832323935636130393238653563
64643536663431383632343637626330306364663539656134396334653165623136333939343563
32343931363663623032333361326536613830663964313839326231303539666537373236303431
30333161336662623837373830346466393966313132643361323730366366663964366238326630
66303230386463353438306664646532356633386661393132393233633533623362363732633361
61623635323337383439333439353466653734336638343236343337313464383133616139396364
63373963346532343235653634363231323433363238616333353238356633313837306536326562
32626638633037313837396337333232636266653935396532356634396438333638336662383163
64363833363230636166376266303866613631343965363632346565346439653838353961626337
66613835366238623236353836643734613432613862383766333031356466623837366638376639
34306631323066373834366533613235306562353131636232326138386630383164323363336532
66656665663864373532323961393636326336666238626438313963353233653163323364303830
34383465396538393731333530336265626338376336643234336364616561613935623338363032
36643061636439303438363633303965636433663434633439306436306464386538633239626239
66386466653230316330313365653131656461666164613566656434633932353831333362386137
66396334656161636434326164663866353136643535353031346564366338623132343231636166
62363461636337633939376238633132666365613835626464363134333063363863303130323463
61636437616634353234656437613638333038643033656137663937303333333766333764343330
64303035656462346230636466663961616266646463333062353436373336346634316335353931
63366331373564623730376331323539356365383135656639356163303666383639353534336334
31383865373263636336323965633934396635353532656134666535363833653438613231623732
62633836623438396662666664396334633463343030366532326439353131386638333934396539
39353161376137633064396438306463653034613066373331663832343762346331373561633064
61333035376634346666393362383862363032666335393062396665623865376265396332623536
36663434653635616466653063326135373539316533623961356234363933663136396232373365
31336132376533366135336134646237633634653337353565393738383135323038646135663566
38653664316361343732666235306439393738366339373937626537633835306230316163396630
34626332323930346537326464353766313734303664376237386364386363373132313062396336
38613962376438396132616439363636616237623439323336346365383533653663316130363262
38343534393631313361343966376533613264353161336235316563633731333132366465363264
39366361396262613864376263326161346466396239633435623433633963396439666464646339
35666236356665386163336135613434623561623961363330356464656664303066653964633733
34326437386538643534303761363764383932663833343065633863653565633434303430386237
32633536333239366138356463323138653266626564386134383933373062303038643666346661
66303835623862643338656137616230363136323133363533373436616132326465653332343863
32316461353932363233636565373066643034393862373364613566396261376462636463326363
30626562316661386662396161373961303430643133353535386630386665393364653830306166
34633463633438616135323062373634366436646465363833306136643339633838656432393532
31376632396236343036656566383734346230653035303832313065343763313164663361633565
37363963306463656531343064376335343062633538633634633039366434373036396239636130
66306236646662383439633364643164306165626363316366356132373837313764386432653734
33623161366265376232346333396661666237336630316238346534303334646134396237316638
36633364336435666434623064663035373232663133303336373138393965306434333662326636
65336264616532313738343861313165616465643832303761353531316165323032623063353462
65353536383766666563303765343437353631303736303364646430303166646265333534633561
34383665376532636535623039336234363863653339626232373466343232663964366231363635
64343636383137336532323430336138626632353437366333306136333736663534623665646532
30373132323538343831333030333735626534666634323865326262343862623164363164636264
33643934623934626537663033343938356363353839386638356461656664343339633662333433
64353661363333623932336538373530306331383934623938623261663466363862636131643336
63653437646164316338663666333033343434653635653466343762653734336237303266643039
35363438303364336362313037326638666337313762663366303138353332646464306336613530
35363237376130326436393734646638666563663165353961663863666363376431376466313130
61346163663238376231333032356161306664363663313966363431626632323930393730663034
66306131636431653131353538373832343661306464623962386136613537333734613734643235
33343230303965313836366665333134363333303663353132643662326466356563306263343066
63346464346166343130323934386438333263333637663162663565346631383464613964643434
64333033313733643236333739376337336635323461393265623561346165656166353639643936
63386431376239336262633763623161353737623237363536353963363338656634623561323639
33383738363963623033386334643435373733333962373661636636396235313831393666333934
63363238383830373666316261353662353961373735376539363238356462396137626438346532
32373936623461393237393234626563323835616630336138336630393732363138396639373738
64623635626266646330396563663562313065616330623938353761396234666666383639666331
32633630326661323662383932643966376164316332393030396632633165666239323935376536
64306536616538613038626563326632333362323564323937666431646439303539313838356166
63373135353738643161653962383239666431636338353461313865613434623866386538336362
65626566343638326666373461623230353532356434636663396262616162383937386530313564
31333365306333393639616261336161323733356432383064613037346565353464643834613666
31386132356232626163333061643733353464643330653835383935353537663961626462396365
62616233356466633061313065313562663531653733323737626631313836393034323963643361
66663836653831373631616664613665396462386365316265343832623730386561306439623864
37643633303536633134343637656337373937316331653137663364306165343337303335643131
61616262653835323538346633333939656566376366303130643964363561373635343262636163
66666234626361306136623639346364616531356535663137666133373766626435653736353765
62626265636532623233393737336662356662656633353932323439663135633935643166316463
63386264383965386564376564306361656564396237613732656261323635663434343165616664
64633237613265306530326638613566373339613663666365636433376133616338383038663131
32353131663236633632373136653133313935336264656132626638643364623866313534623164
33656135393961633365636133393761383362616133373462646666346565343438613663356336
6633356161623965373033353436323031333634363161353062
