$ANSIBLE_VAULT;1.1;AES256
33613538653331336630666237303362353632316465336230313531646339333863643837633166
3234306263643837313834633462643431316435333732660a363537653865396166643063343063
61303232393734363562623138323934333265326566346630353263626162636338336236323231
3263386463366530310a373035363531633335636139646461303066323964313134376231356530
66356265303639623731663030383763626531353230666537656238623565303963313734373434
39383961316130653931333066336234633464326337613233303963323230313466656530613532
33336335313866343762663362383663643531313164363438373337326434656533626437303632
37313265393331316562376634393462623733643131373832646464376431666635323165383430
65303334663161326530333666363135663639666636616431653239396134623137383639636532
66643332653630386430353135316662373765633933326664386565346362643261323335646636
31333437636331613438346465303562623938646338363233336430303965353730663532623836
39323666346536323364633161363861386238366130613563643135623661336434626662326366
35626662636632316134343233326163666365306663393033353533623037336630393039316661
30643231636364613862333266396436346331313130386361623838396537653432633534663662
36663361663930653363656264333630373563396138643665373266313537656666333566383564
62646230626133353564343930623833366534623937373730346439383433383135313436376464
32386661393939316164303963346431333739303938363530343731643761353336323931356237
36663663656262613739656331643830613965616563316561373738666632353833643632393431
38356463323062646235313363363966353264653363366534353035633363626130303661663965
37376139356439633864376464343636336231376364373964616365653865333664363865323432
65643564376364353163366166633739353461353164633636353230393339393239346231343362
32353131313531363530663730343939373336373935373130343062386435363731383365633339
33386236313463313463656334346363636133666365633332613531653933316363653764383132
64303065396136663531383366623366666561636138613262613665633337313334386136316466
65613332653430656564633233653538613064393633613861313534323164396434633830626630
61386666343662303835643632653632343763366438343036636437323138343337653234643233
65386632313839393330316333393662653562346661356336613433323738373235326139333838
35653531303965636662336261366663373930336530363766646530373663333835386162303437
36303634386162643639633933336531616236393564663636393764363732323363356532663836
32626434363835313365393134343530386138376261313561316265633830613133343731313964
30653461356239366466316266333863643734363730313730656664616366373639633966623465
32366436373965663666333633393037336335383864343433636236323263386332653964336263
63366231653831333664323338313361353966393466386364646262316631383266376461343464
36666332656530306165323330376332653165343866643230383433376461333265396639373734
61653163393964633835303734616232373637313437316338626363313330663436396637633537
38336261616663316536343631646339323662353834663533316666333463326434646562323962
63303030636165373433313135613663666238346634626164613936363366356566373432326338
38323131356235393561613531316661396361636466333762326138616531333363313665646539
33396364643433373736363466633361306238386561376664613962303565613834396234353739
61356331343434616331366331656431633030613938613065316332616261383438653232346463
61346533383666616666623034653736313461623735396635653934363166613835383664346262
31643765663135336363663733623236343836323762353334323235656338613162373735396435
30646335633536346332376565303032373239346239303262393630646230333935376635363462
33366234653838393932373765386165313232356637643035323563323764643064613934306265
38653430306239343865346333343065353765373634653835646664396664346535616537613861
34643335323236353963356164306332646664373965373834336436613965396539643332363534
39663539356631393361323933643263626232383634313636616433333235656139656163353062
33633164353432313235343763366230303234336437653031633232646231306165613039313536
36643635323463663834333239333861643238376331346232366664653664633638656535333539
36653034376634363931316534383330613065333563303464663633313638313463323733633032
33303632666162316661623936336136646534306435653361656163306261653333343864643235
31623365616432653534313665653562653739383636653530353063623561363665373131386434
62653631366462663566333335323739353837613566333134303561626565396463323363623662
38326230656432643334623764613363643233386638306262303763313162326564636663383039
39653064653736306638633930656431646536333834396365613633373437343031366235383830
35323934663530613964313734623063646438336232626266376135343561393830396361626439
62313530373831386161646466336362366337616130626463323038383339313434353430386636
38383535303937666266333765396633363735336439326636383536356535643063633233633563
37396664313837636238323965333963633061333735666166313131646263623438393631353761
65396432303636393036306665653463643733383062656463623664353862366363646562333633
64353761373639646435643464303138646662613230363033653133376135353938643837306364
39666362366262333339396566333766353631366631303034366330393061663463356432366333
32336331656664346163316566626162636534636564396437396639643832666663366366346538
35356466343963643233303266613537663161656533316337326335333035333439316638316666
38356365386238343631656465393264663565336631376464386364373933336539313135656364
31303938313030643362356163633366333734323836336337376164383033626636643436653265
33613861336538383732666637326434353633316237306535346264663730356339636562653731
35313934383938363234633165386631333133343263363836616665653666613837316534336636
34366665643761663335336136343534323238633530306130333663396264316431623639383432
34373866353839306466346165333462333132663539633234363865383435383834333861303331
31353132393038326232623565363964343238616632356131363831633535363239363365396537
38306130333630303835326266636236363864303236383338336132316139386637383536353539
65623232393537303863383664613935363937663062663735656364346439303863306430396563
66363662633962323161326138623432643439316264363565663863383130383664633034333562
38613461333437626236353563336234306264636464613430636265386566613662393565333738
36393038663963373134626563393739376262383432643430333663666665623166646636366234
37323665343336353335656138393933356332326634636430643938643562303438343361333032
31356432303832376165313336313231336465306366383439383461663030613732313561616433
63363561336366613536643837333438326164326366386239383661616238393962396664316638
62623434353135326466386338626439316339623161323866383566616539396637646262613933
64393162306164356236343733383463353462616636633038623838613831626537366431336230
30323530323564643531633464356631626664666536303463666464643264616266353737303561
62663564633237383262343963356237393132373035646161656635313566646462346136663832
34636430316462386134353037626636636231656566366261363334333132333865396337306437
65363336633263373834376465306564626365323462356533313036653030356139646636303638
34623963323239646333666132653833616437613036383061303637386533646334616438616236
64633462353530653764613866666238393739303665316133623232376431643634646536333338
65336231376635356133386232303735653764623838613635396665653631636661643338616135
35386536313535646431323661373539663733623537393534383736306230623638353336313235
61336339333339613132623962666532626561303062653631653762613633306330376166306633
63313937353431626166343233396138626636666430393066663330386430373665333737343232
36623432336234623337396436353036626138383864363966613866346438373863316133303239
64336166656637353835326432616536393862313630353463346135356461613338396532373661
61623339346637653261386534343065326533353165306662343363623632636466363432363631
32653463653734343365313661303565653864613863616337616235366466363731616533653231
34376437616230633239666666633664636634333635653534653836333130303566633333363931
64356338616464666561356234333439613531333936363835663662616431396430333961643432
61343239633839376434613237613664383465616439346135366363646630336261393136666466
30613137303932326135626365613132666335643539313233386136363636343766666534353337
65623738643131316535636434326536626534653164613632623431633930353533393165356339
31363134383161323135396436663432313966346266623263646436333734646531353135396532
39663564616538323431393935393563323930363233346234363335363863306233313638323538
61396532383661663234633566383536663831393630343561646239353234366166633334363861
30323130383965646439303233396336306233653033633533666136323930363665376161626233
32613033353662333864373230363739663232303061333736316463626566363031653934373732
35353863666631383138383439383736323632366637313636333430626136396539323262653161
64643966366137383731333435393662383930653833333637616235313761643033346230663966
66323038313237363866653639633435383630643566643365623564663962636239333566346136
61346166626534333432306631623630616235326238306562656133363063313762356230323430
34356364346332366562353039613830653465616436363065393964633461623935626339343432
34633230393762666139633431373665356330646131333030343466636232643839663765353064
64396334326466356239616131306638353166386364643034323431633065663833613930303537
65633234623730366164383062366532613263666530666437336566343136623961343234336237
32306335366536303662613231396366636134323331653133613831333936343063356632313166
31613666646433373066333865396331366364386133386236393135643664613036343535313432
64303838346633373034383833623538333539393336313137356663353233346435636163393232
65333039353362323035656530376535623238626131653363366666383461343062636662326438
64346366353165623465313364646330303038616138353534626432616532373465363266366261
31376231653665666237393935316334663662663433313862663937633830306162366266396138
33333663663334646637633038633964613037613865666464306239363133613937343266393731
31386539393862346535323262383064613664633564626230346534626436316332313661663538
39343233393233363965386330626263663233376466663830613664616366343266393563353130
33626335646238633663613236316262316631336439306630643832646333366135363736626235
32643238343663376532306361306464323165376363363430666630346566343237613166306531
64643461393664643337343763336132343037623838363531323665306439353332323162666434
33396539613766396630336164646461616563336266643662616337336637373431313561303935
32333664313231373938363065306537393461653836626332366637336261316531643130653665
34303633346166373738373935656236346461343466646561303131663034663061303333336434
39613133336538616265653130383438386338663933353336316166636139633838346662376630
36313332666539356138333566333238363564313932663634343637393439656361333435326434
62626563613538323439343237623265373337626430313635623535343031323335633430643163
33636235376239653935396530623939323464616533336633373138313033313535316232633739
61623966643265303035353261663466643664613534653533373533333564663462326263646264
64636233373762636439373861653032336637666637353862666261353437376430616563373632
31646238356238353364363337336531393234613936353565336437633235353431666435373462
35343730646235373130623963393565633863363562633565366163386135323830313237383533
32386463383732376666383335643134613436316561343061633161663732646335623366643634
37623662626165343136386565653466353431633536356361393366333334643634656162613738
35626137626230613061653234353034353336663561643533303838363865306361653035373935
39653638623136343465373563643935353537376336653733333434663835383366646533353633
38306462306232313761393032373835663036656339353032396134373065353266633634613532
65623234666164386636326332343161366161333534383331393461663264353139396134616438
65326532623935353235306236376266333731346330316361633761323862343662646565643838
66393335343263663566643634613533353663353339646436633836323832656361303330653234
39636534613466303562333164336338363035373936313564656434396434623539323232633965
34643631313932396365316464346632343831663162353665626631383962313261633865336135
62353265366564353733663631613433613862303934616466653661663533313635363033653539
63393062333331383465643066643463636461663462393263643263333730373736313034383138
62346266316239316434396333633939633932643732616138396538663539623365346132353664
63386538343636306364323333333430653238653739383232653531316232626235353265333132
32323532326337386464333964653238613863303634373566313564333537633963663830643463
63643536616233313931373364333239623737313233363732613130313938383566666565393932
39623939333338366532333931343163386664636633323038663538363637623835326162343939
32663330653661653135326137396234656264313663626563613865636461653265393464373837
31356436316436643331366534363934353831653635386638616161343666616535346530636561
66613632323266333831396533663730623530623838356439633166363961356430386465363765
31353763653861663264346435393730383339646438633136366336656235343638623263616235
30636437346337616132663464666566623261633364663930616634613065613634333334613839
30353030633132383132663662366533653334636566663336366232393361653435326235313738
31323764393836633231616363393535336334336663653561303032393066393063386464613739
36363435616638326164623538613738616366383662363932356433303035653935393464336539
31383762613865623265623262616334313730303065363034613839653530343266386163303133
64313766333637366137633765376536346165326433633566306638353861313439383032353364
32386236636266393937376432633030663933643066386562626638313363376433656335363837
38363734333831313837353362393934393163373532646139333463376533653030326538663335
3165663733356262343762316335396336396330326231376636
